92981485
105566991
56845810
55175422
76747452
149629863
86187801
77447524
102141363
70292003
175818476
78985268
79428529
101662912
108826696
111900365
95932289
410340913
127411187
97864064
433791780
104159870
38980983
73113362
62711384
354135971
60548117
369167424
49928205
40877354
96923993
178704368
107087031
105682537
46685094
93708753
98307388
438527919
403609875
100635994
69786756
95980784
105092888
449103911
209718129
67206459
90087220
242669202
53381643
99198644
75152063
51506746
100168735
69846383
75763771
62754624
219919170
214394800
387120029
60494871
74912329
70321904
391691608
98905980
105996275
181657010
63351713
113171102
296861670
58590332
99019622
163582070
87432306
58692234
51894558
119703202
452872199
124824394
74386707
59027331
308258619
282226474
104710146
422607595
97941143
73072219
249949185
35166936
335755404
41661094
134982906
20895702
324568196
212865069
35168503
66083659
